{
    "cameras": [
        {
            "name": "e3v8257",
            "type": "rgb",
            "resolution": [
                1920,
                1080
            ],
            "K": [
                [
                    578.5018164176529,
                    0.0,
                    1060.5179067595227
                ],
                [
                    0.0,
                    577.5523893453837,
                    642.6367713429852
                ],
                [
                    0.0,
                    0.0,
                    1.0
                ]
            ],
            "distCoef": [
                [
                    -0.010720518641126723,
                    0.008580400969166034,
                    0.0,
                    0.0,
                    0.0
                ]
            ],
            "R": [
                [
                    -0.19510343483160142,
                    0.4481676951180714,
                    0.8723992014952023
                ],
                [
                    -0.1318426488510497,
                    0.8694351344200345,
                    -0.4761303004220119
                ],
                [
                    -0.97188073633592,
                    -0.2079140786204049,
                    -0.11054216503478764
                ]
            ],
            "T": [
                [
                    -1512.1471522875725
                ],
                [
                    1728.6532423730505
                ],
                [
                    1130.7755625354541
                ]
            ]
        },
        {
            "name": "e3v8241",
            "type": "rgb",
            "resolution": [
                1920,
                1080
            ],
            "K": [
                [
                    584.4408957379895,
                    0.0,
                    994.0636937300332
                ],
                [
                    0.0,
                    584.2878317411501,
                    537.7544238298248
                ],
                [
                    0.0,
                    0.0,
                    1.0
                ]
            ],
            "distCoef": [
                [
                    0.006461764229527134,
                    0.002686337668328915,
                    0.0,
                    0.0,
                    0.0
                ]
            ],
            "R": [
                [
                    -0.944742236542738,
                    0.22821211795585036,
                    0.23533239409467233
                ],
                [
                    0.045932186515449835,
                    0.8029556184748131,
                    -0.5942663619974131
                ],
                [
                    -0.32458025314879385,
                    -0.5506192005168686,
                    -0.7690683684094863
                ]
            ],
            "T": [
                [
                    -613.6687453312984
                ],
                [
                    1963.4701334543045
                ],
                [
                    2501.338116462831
                ]
            ]
        },
        {
            "name": "e3v8261",
            "type": "rgb",
            "resolution": [
                1920,
                1080
            ],
            "K": [
                [
                    960.2627315514369,
                    0.0,
                    913.0196486268461
                ],
                [
                    0.0,
                    960.5151199300407,
                    539.5201827271999
                ],
                [
                    0.0,
                    0.0,
                    1.0
                ]
            ],
            "distCoef": [
                [
                    -0.026953655199168897,
                    0.03296667263399142,
                    0.0,
                    0.0,
                    0.0
                ]
            ],
            "R": [
                [
                    -0.6409894079558955,
                    -0.2628860354179674,
                    -0.721126557041532
                ],
                [
                    0.4931866435795764,
                    0.5788379315954686,
                    -0.6493947825021327
                ],
                [
                    0.5881322244895806,
                    -0.7719051634290988,
                    -0.24137710162406528
                ]
            ],
            "T": [
                [
                    1192.4701109309508
                ],
                [
                    1474.2522545615925
                ],
                [
                    2229.0773237127505
                ]
            ]
        },
        {
            "name": "e3v8220",
            "type": "rgb",
            "resolution": [
                1920,
                1080
            ],
            "K": [
                [
                    777.618507245646,
                    0.0,
                    944.3801960906883
                ],
                [
                    0.0,
                    779.3008473832907,
                    537.7641036604597
                ],
                [
                    0.0,
                    0.0,
                    1.0
                ]
            ],
            "distCoef": [
                [
                    -0.022712274112776612,
                    0.016727042311763148,
                    0.0,
                    0.0,
                    0.0
                ]
            ],
            "R": [
                [
                    0.5225379312454197,
                    0.41165942880758616,
                    0.7466529482186278
                ],
                [
                    -0.4604251328730791,
                    0.8732957282782553,
                    -0.1592584942468036
                ],
                [
                    -0.7176090909600884,
                    -0.2605591787766527,
                    0.6458684904271704
                ]
            ],
            "T": [
                [
                    -1338.9845093241752
                ],
                [
                    899.0470563086803
                ],
                [
                    -142.55813148811333
                ]
            ]
        },
        {
            "name": "e3v825a",
            "type": "rgb",
            "resolution": [
                1920,
                1080
            ],
            "K": [
                [
                    584.1256856689565,
                    0.0,
                    909.340521524553
                ],
                [
                    0.0,
                    587.905958549923,
                    528.6693352286069
                ],
                [
                    0.0,
                    0.0,
                    1.0
                ]
            ],
            "distCoef": [
                [
                    0.0005312940018255295,
                    -0.0005157346145486374,
                    0.0,
                    0.0,
                    0.0
                ]
            ],
            "R": [
                [
                    0.5016959153837621,
                    -0.465453998768549,
                    -0.7291459274504773
                ],
                [
                    0.3983274010600176,
                    0.8725243455003558,
                    -0.2829073135745128
                ],
                [
                    0.7678779135071024,
                    -0.14850535862231853,
                    0.6231449818528876
                ]
            ],
            "T": [
                [
                    1887.7515233333925
                ],
                [
                    486.8929896385366
                ],
                [
                    761.5202240755342
                ]
            ]
        },
        {
            "name": "e3v8237",
            "type": "rgb",
            "resolution": [
                1920,
                1080
            ],
            "K": [
                [
                    581.5161447010315,
                    0.0,
                    931.2974232845964
                ],
                [
                    0.0,
                    581.4181650466993,
                    565.9335555355535
                ],
                [
                    0.0,
                    0.0,
                    1.0
                ]
            ],
            "distCoef": [
                [
                    -0.0011914443655020803,
                    0.000905130237378215,
                    0.0,
                    0.0,
                    0.0
                ]
            ],
            "R": [
                [
                    -0.5779692583341679,
                    0.2907655289371652,
                    0.7625004548212034
                ],
                [
                    -0.272674802699078,
                    0.8118569105786149,
                    -0.5162720297660585
                ],
                [
                    -0.7691553733763228,
                    -0.5063040232188932,
                    -0.3899439032459564
                ]
            ],
            "T": [
                [
                    -1643.1710953415327
                ],
                [
                    1924.0528550031556
                ],
                [
                    1509.2101185787367
                ]
            ]
        },
        {
            "name": "e3v8240",
            "type": "rgb",
            "resolution": [
                1920,
                1080
            ],
            "K": [
                [
                    578.3901573509208,
                    0.0,
                    937.7341957397321
                ],
                [
                    0.0,
                    579.426385972142,
                    613.2577558757979
                ],
                [
                    0.0,
                    0.0,
                    1.0
                ]
            ],
            "distCoef": [
                [
                    0.0010383183974966696,
                    0.0026613824654073298,
                    0.0,
                    0.0,
                    0.0
                ]
            ],
            "R": [
                [
                    0.3910191669895757,
                    -0.37436963002354984,
                    -0.8408040147161577
                ],
                [
                    0.3520402642273118,
                    0.9049056368109192,
                    -0.23919331267949295
                ],
                [
                    0.8503950043418311,
                    -0.20246769763064837,
                    0.4856286317821485
                ]
            ],
            "T": [
                [
                    1799.4472127796007
                ],
                [
                    1039.33207860081
                ],
                [
                    772.9905326147231
                ]
            ]
        },
        {
            "name": "e3v8217",
            "type": "rgb",
            "resolution": [
                1920,
                1080
            ],
            "K": [
                [
                    588.2853052839617,
                    0.0,
                    938.6209619721906
                ],
                [
                    0.0,
                    588.0674717450624,
                    530.420310471207
                ],
                [
                    0.0,
                    0.0,
                    1.0
                ]
            ],
            "distCoef": [
                [
                    -0.0006701226680697101,
                    0.003625656559235242,
                    0.0,
                    0.0,
                    0.0
                ]
            ],
            "R": [
                [
                    0.47850009230564733,
                    -0.4116268497612534,
                    -0.7756294206765972
                ],
                [
                    0.41003609184856116,
                    0.8858404055698541,
                    -0.2171570382036809
                ],
                [
                    0.7764715481233331,
                    -0.21412639355171317,
                    0.5926565806092864
                ]
            ],
            "T": [
                [
                    1128.1352876910723
                ],
                [
                    1118.3135359325397
                ],
                [
                    523.6204088852508
                ]
            ]
        },
        {
            "name": "e3v822f",
            "type": "rgb",
            "resolution": [
                1920,
                1080
            ],
            "K": [
                [
                    950.1662618453964,
                    0.0,
                    981.7387730355864
                ],
                [
                    0.0,
                    952.2813849658548,
                    602.9212881356622
                ],
                [
                    0.0,
                    0.0,
                    1.0
                ]
            ],
            "distCoef": [
                [
                    -0.020777398753304425,
                    0.015052798969398653,
                    0.0,
                    0.0,
                    0.0
                ]
            ],
            "R": [
                [
                    1.0,
                    0.0,
                    0.0
                ],
                [
                    0.0,
                    1.0,
                    0.0
                ],
                [
                    0.0,
                    0.0,
                    1.0
                ]
            ],
            "T": [
                [
                    0.0
                ],
                [
                    0.0
                ],
                [
                    0.0
                ]
            ]
        },
        {
            "name": "e3v823c",
            "type": "rgb",
            "resolution": [
                1920,
                1080
            ],
            "K": [
                [
                    579.5275778431442,
                    0.0,
                    943.7874392753943
                ],
                [
                    0.0,
                    579.862329647645,
                    582.1608647956998
                ],
                [
                    0.0,
                    0.0,
                    1.0
                ]
            ],
            "distCoef": [
                [
                    -0.00604649244227485,
                    0.0021470897369208564,
                    0.0,
                    0.0,
                    0.0
                ]
            ],
            "R": [
                [
                    1.0,
                    0.0,
                    0.0
                ],
                [
                    0.0,
                    1.0,
                    0.0
                ],
                [
                    0.0,
                    0.0,
                    1.0
                ]
            ],
            "T": [
                [
                    0.0
                ],
                [
                    0.0
                ],
                [
                    0.0
                ]
            ]
        },
        {
            "name": "e3v824d",
            "type": "rgb",
            "resolution": [
                1920,
                1080
            ],
            "K": [
                [
                    581.0576913281052,
                    0.0,
                    968.6213127428172
                ],
                [
                    0.0,
                    581.427133033653,
                    564.6555507742435
                ],
                [
                    0.0,
                    0.0,
                    1.0
                ]
            ],
            "distCoef": [
                [
                    0.00383215935556838,
                    0.0021014386919647747,
                    0.0,
                    0.0,
                    0.0
                ]
            ],
            "R": [
                [
                    0.5872276269023146,
                    -0.38129134089461886,
                    -0.7139892349058631
                ],
                [
                    0.179366435128881,
                    0.9214663421441005,
                    -0.34456851603814387
                ],
                [
                    0.7892980401292234,
                    0.07427444819286944,
                    0.609501361929415
                ]
            ],
            "T": [
                [
                    1164.7511652057433
                ],
                [
                    1595.7719836886472
                ],
                [
                    516.4682624753999
                ]
            ]
        },
        {
            "name": "e3v8218",
            "type": "rgb",
            "resolution": [
                1920,
                1080
            ],
            "K": [
                [
                    581.0590266981804,
                    0.0,
                    991.6420700823645
                ],
                [
                    0.0,
                    581.3064550929307,
                    537.2521142458218
                ],
                [
                    0.0,
                    0.0,
                    1.0
                ]
            ],
            "distCoef": [
                [
                    -0.0007189416775737812,
                    0.0012522976694122737,
                    0.0,
                    0.0,
                    0.0
                ]
            ],
            "R": [
                [
                    1.0,
                    0.0,
                    0.0
                ],
                [
                    0.0,
                    1.0,
                    0.0
                ],
                [
                    0.0,
                    0.0,
                    1.0
                ]
            ],
            "T": [
                [
                    0.0
                ],
                [
                    0.0
                ],
                [
                    0.0
                ]
            ]
        },
        {
            "name": "e3v825b",
            "type": "rgb",
            "resolution": [
                1920,
                1080
            ],
            "K": [
                [
                    580.1492330834699,
                    0.0,
                    921.3120069489988
                ],
                [
                    0.0,
                    580.0027827703092,
                    537.7932655055059
                ],
                [
                    0.0,
                    0.0,
                    1.0
                ]
            ],
            "distCoef": [
                [
                    0.0024463059481117694,
                    6.306286324611451e-05,
                    0.0,
                    0.0,
                    0.0
                ]
            ],
            "R": [
                [
                    1.0,
                    0.0,
                    0.0
                ],
                [
                    0.0,
                    1.0,
                    0.0
                ],
                [
                    0.0,
                    0.0,
                    1.0
                ]
            ],
            "T": [
                [
                    0.0
                ],
                [
                    0.0
                ],
                [
                    0.0
                ]
            ]
        },
        {
            "name": "e3v8234",
            "type": "rgb",
            "resolution": [
                1920,
                1080
            ],
            "K": [
                [
                    582.0339138587233,
                    0.0,
                    920.7760186488464
                ],
                [
                    0.0,
                    581.8578905141474,
                    534.6625956390293
                ],
                [
                    0.0,
                    0.0,
                    1.0
                ]
            ],
            "distCoef": [
                [
                    -0.018327565215418114,
                    0.010724794085645646,
                    0.0,
                    0.0,
                    0.0
                ]
            ],
            "R": [
                [
                    -0.47323525861803195,
                    0.35980366830601807,
                    0.8041080215209008
                ],
                [
                    -0.28830076048321823,
                    0.7992671454883019,
                    -0.5273089243012865
                ],
                [
                    -0.8324248083193595,
                    -0.48136612927844724,
                    -0.2745097231027762
                ]
            ],
            "T": [
                [
                    -1760.9388649061295
                ],
                [
                    518.9963353349485
                ],
                [
                    1749.1096539591913
                ]
            ]
        },
        {
            "name": "e3v8235",
            "type": "rgb",
            "resolution": [
                1920,
                1080
            ],
            "K": [
                [
                    790.010397447952,
                    0.0,
                    998.5832383478185
                ],
                [
                    0.0,
                    789.8696931714361,
                    527.3404505907029
                ],
                [
                    0.0,
                    0.0,
                    1.0
                ]
            ],
            "distCoef": [
                [
                    -0.010903251657374071,
                    0.006348596639255299,
                    0.0,
                    0.0,
                    0.0
                ]
            ],
            "R": [
                [
                    0.524121239119708,
                    0.37828390843142107,
                    0.7630191421749983
                ],
                [
                    -0.38828093779869594,
                    0.9035430349786682,
                    -0.1812398887764566
                ],
                [
                    -0.757980764957652,
                    -0.20127411299863032,
                    0.6204465258109094
                ]
            ],
            "T": [
                [
                    -654.3622898611599
                ],
                [
                    856.8598049774637
                ],
                [
                    -15.968724767368556
                ]
            ]
        },
        {
            "name": "e3v824e",
            "type": "rgb",
            "resolution": [
                1920,
                1080
            ],
            "K": [
                [
                    945.5151691194692,
                    0.0,
                    1028.4872862148727
                ],
                [
                    0.0,
                    947.1004353739319,
                    555.6056606564074
                ],
                [
                    0.0,
                    0.0,
                    1.0
                ]
            ],
            "distCoef": [
                [
                    -0.015126171245111588,
                    0.009935439209583757,
                    0.0,
                    0.0,
                    0.0
                ]
            ],
            "R": [
                [
                    0.9907956608775247,
                    -0.11614583038775113,
                    -0.06952772446879554
                ],
                [
                    0.11728692857556171,
                    0.9930188020192178,
                    0.01254731930049511
                ],
                [
                    0.06758501883982934,
                    -0.02058652277236834,
                    0.9975011079234762
                ]
            ],
            "T": [
                [
                    664.9957497796768
                ],
                [
                    41.55561369708679
                ],
                [
                    -17.56710442215789
                ]
            ]
        },
        {
            "name": "e3v8239",
            "type": "rgb",
            "resolution": [
                1920,
                1080
            ],
            "K": [
                [
                    581.9770290056479,
                    0.0,
                    910.9566021022641
                ],
                [
                    0.0,
                    582.9146970491663,
                    557.1641721607328
                ],
                [
                    0.0,
                    0.0,
                    1.0
                ]
            ],
            "distCoef": [
                [
                    -0.018387931330925866,
                    0.008269854337027767,
                    0.0,
                    0.0,
                    0.0
                ]
            ],
            "R": [
                [
                    0.6104068768652025,
                    0.370089249342148,
                    0.7003123533088896
                ],
                [
                    -0.2484106219399193,
                    0.9289737140576401,
                    -0.27440845740861664
                ],
                [
                    -0.7521273878692972,
                    -0.006464217765478203,
                    0.6589860440901525
                ]
            ],
            "T": [
                [
                    -760.621806161933
                ],
                [
                    101.55648166575544
                ],
                [
                    279.89128326601644
                ]
            ]
        },
        {
            "name": "e3v823b",
            "type": "rgb",
            "resolution": [
                1920,
                1080
            ],
            "K": [
                [
                    944.9738276068845,
                    0.0,
                    937.216547818483
                ],
                [
                    0.0,
                    946.903633757121,
                    518.1566602351894
                ],
                [
                    0.0,
                    0.0,
                    1.0
                ]
            ],
            "distCoef": [
                [
                    -0.018042233721209302,
                    0.017497986312817126,
                    0.0,
                    0.0,
                    0.0
                ]
            ],
            "R": [
                [
                    0.4498331210418514,
                    -0.3939852889350829,
                    -0.8015146631949326
                ],
                [
                    0.5104486160301392,
                    0.8498316259715162,
                    -0.13125706796787784
                ],
                [
                    0.7328658633110581,
                    -0.3500882740129236,
                    0.5833916581439861
                ]
            ],
            "T": [
                [
                    1069.6646210694519
                ],
                [
                    562.7937839274506
                ],
                [
                    830.4953460730214
                ]
            ]
        },
        {
            "name": "e3v8215",
            "type": "rgb",
            "resolution": [
                1920,
                1080
            ],
            "K": [
                [
                    580.7958724528985,
                    0.0,
                    947.3378312802475
                ],
                [
                    0.0,
                    581.1543348723465,
                    527.8347096785766
                ],
                [
                    0.0,
                    0.0,
                    1.0
                ]
            ],
            "distCoef": [
                [
                    -0.008688156795811018,
                    0.005204549954681196,
                    0.0,
                    0.0,
                    0.0
                ]
            ],
            "R": [
                [
                    -0.2587545078884862,
                    0.44477979264473505,
                    0.857447981338981
                ],
                [
                    -0.2506220993045281,
                    0.8263667733597326,
                    -0.5042881311583834
                ],
                [
                    -0.9328636920727371,
                    -0.34538224033949716,
                    -0.10235448241523767
                ]
            ],
            "T": [
                [
                    -1367.7055552456222
                ],
                [
                    1143.2912054548804
                ],
                [
                    1214.9622532509711
                ]
            ]
        },
        {
            "name": "e3v825d",
            "type": "rgb",
            "resolution": [
                1920,
                1080
            ],
            "K": [
                [
                    635.067088264148,
                    0.0,
                    944.2453520503101
                ],
                [
                    0.0,
                    634.9007575463023,
                    547.852401579642
                ],
                [
                    0.0,
                    0.0,
                    1.0
                ]
            ],
            "distCoef": [
                [
                    -0.010135781392638736,
                    0.008242822631161655,
                    0.0,
                    0.0,
                    0.0
                ]
            ],
            "R": [
                [
                    0.6878901526730494,
                    0.2757944403552866,
                    0.6713751295099952
                ],
                [
                    -0.07037349660720031,
                    0.9459801873152318,
                    -0.3164949544342137
                ],
                [
                    -0.7223951196061094,
                    0.1704667471272708,
                    0.6701390745905823
                ]
            ],
            "T": [
                [
                    -782.0529533897574
                ],
                [
                    1452.5847734522163
                ],
                [
                    46.38354683837245
                ]
            ]
        },
        {
            "name": "e3v8361",
            "type": "rgb",
            "resolution": [
                1920,
                1080
            ],
            "K": [
                [
                    573.7263299783916,
                    0.0,
                    964.1044427244981
                ],
                [
                    0.0,
                    574.4246891026548,
                    542.0163619397625
                ],
                [
                    0.0,
                    0.0,
                    1.0
                ]
            ],
            "distCoef": [
                [
                    9.10729046438741e-05,
                    5.877674327989592e-05,
                    0.0,
                    0.0,
                    0.0
                ]
            ],
            "R": [
                [
                    -0.5009558929757207,
                    -0.4673474244149538,
                    -0.7284432566683606
                ],
                [
                    0.2887704221778754,
                    0.7031808658615606,
                    -0.6497294153425692
                ],
                [
                    0.8158767287820566,
                    -0.5358386462162787,
                    -0.21730648552906984
                ]
            ],
            "T": [
                [
                    679.6548455568484
                ],
                [
                    1652.4586696472659
                ],
                [
                    1975.7924938747262
                ]
            ]
        },
        {
            "name": "e3v8232",
            "type": "rgb",
            "resolution": [
                1920,
                1080
            ],
            "K": [
                [
                    583.3566351934032,
                    0.0,
                    1001.3427779062748
                ],
                [
                    0.0,
                    583.1034823618673,
                    575.4491584775375
                ],
                [
                    0.0,
                    0.0,
                    1.0
                ]
            ],
            "distCoef": [
                [
                    -0.014843595527990479,
                    0.007625140081623451,
                    0.0,
                    0.0,
                    0.0
                ]
            ],
            "R": [
                [
                    -0.5831275772008404,
                    -0.24884640820625598,
                    -0.7733289687000761
                ],
                [
                    0.319912443507577,
                    0.8046706066492282,
                    -0.5001612172927585
                ],
                [
                    0.7467384128306841,
                    -0.5390553588617852,
                    -0.3896165587927477
                ]
            ],
            "T": [
                [
                    1433.8409625733955
                ],
                [
                    1368.9827627549628
                ],
                [
                    2399.201290284059
                ]
            ]
        },
        {
            "name": "e3v8245",
            "type": "rgb",
            "resolution": [
                1920,
                1080
            ],
            "K": [
                [
                    578.4657383666502,
                    0.0,
                    970.4737421039032
                ],
                [
                    0.0,
                    578.7220169015886,
                    543.7113982322257
                ],
                [
                    0.0,
                    0.0,
                    1.0
                ]
            ],
            "distCoef": [
                [
                    0.007118232824040327,
                    -0.0012645417075623734,
                    0.0,
                    0.0,
                    0.0
                ]
            ],
            "R": [
                [
                    0.6418632326118663,
                    0.45174503811960964,
                    0.6196273163405223
                ],
                [
                    -0.3689170199484597,
                    0.8903077957327392,
                    -0.2669311919762446
                ],
                [
                    -0.6722438716815445,
                    -0.0572577452561959,
                    0.7381122730281509
                ]
            ],
            "T": [
                [
                    -1463.5298506421473
                ],
                [
                    234.31890699536348
                ],
                [
                    48.827074069555806
                ]
            ]
        },
        {
            "name": "e3v823e",
            "type": "rgb",
            "resolution": [
                1920,
                1080
            ],
            "K": [
                [
                    580.2990720672711,
                    0.0,
                    905.1444476155672
                ],
                [
                    0.0,
                    580.0918645990046,
                    511.80094859401817
                ],
                [
                    0.0,
                    0.0,
                    1.0
                ]
            ],
            "distCoef": [
                [
                    -0.0002216801722830063,
                    0.0007211691002431258,
                    0.0,
                    0.0,
                    0.0
                ]
            ],
            "R": [
                [
                    0.3005055005635873,
                    -0.3692043560839805,
                    -0.8794228718765742
                ],
                [
                    0.16870661633919304,
                    0.9280764984739939,
                    -0.33198206364746796
                ],
                [
                    0.938740923649549,
                    -0.04860202083107748,
                    0.34117931038784777
                ]
            ],
            "T": [
                [
                    1846.1829735034046
                ],
                [
                    1555.949536045748
                ],
                [
                    1033.5890203427032
                ]
            ]
        },
        {
            "name": "e3v823d",
            "type": "rgb",
            "resolution": [
                1920,
                1080
            ],
            "K": [
                [
                    580.266004050068,
                    0.0,
                    939.7527452901965
                ],
                [
                    0.0,
                    580.5427956312022,
                    538.1045858229357
                ],
                [
                    0.0,
                    0.0,
                    1.0
                ]
            ],
            "distCoef": [
                [
                    -0.006550482925109863,
                    0.005474870860218024,
                    0.0,
                    0.0,
                    0.0
                ]
            ],
            "R": [
                [
                    0.5582169934784114,
                    0.37889968090735976,
                    0.7381252061813252
                ],
                [
                    -0.1689361884178074,
                    0.9229034166791774,
                    -0.345991109314623
                ],
                [
                    -0.8123141956378616,
                    0.06844205790448793,
                    0.5791902384148169
                ]
            ],
            "T": [
                [
                    -1222.1598941921256
                ],
                [
                    1527.6220605766234
                ],
                [
                    13.928852969678138
                ]
            ]
        },
        {
            "name": "e3v8244",
            "type": "rgb",
            "resolution": [
                1920,
                1080
            ],
            "K": [
                [
                    823.7942186716998,
                    0.0,
                    945.9841011456965
                ],
                [
                    0.0,
                    825.34924012181,
                    539.1281488221144
                ],
                [
                    0.0,
                    0.0,
                    1.0
                ]
            ],
            "distCoef": [
                [
                    0.0021477728913671173,
                    0.004790505102599375,
                    0.0,
                    0.0,
                    0.0
                ]
            ],
            "R": [
                [
                    0.9959784773862046,
                    -0.07693141977356598,
                    -0.04591763533851444
